date,ticker,close,ret_1d,fwd_ret_1d,ret_lag_1,ret_lag_2,ret_lag_3,ret_lag_5,mom_5,mom_10,mom_20,vol_5,vol_10,vol_20,rsi_14,vol_z20,dow_1,dow_2,dow_3,dow_4
2025-08-19,AAPL,230.55999755859372,-0.00142925995897214,-0.01973457277905044,-0.0030225698834630554,-0.005112133549474263,-0.0023571895917441354,0.010872441677679756,-0.005478157388562166,0.012178614861541481,0.05570982163884697,0.008606445818308191,0.021472216347220293,0.018600573297148655,0.7400808167545228,-0.9515987365764935,True,False,False,False
2025-08-20,AAPL,226.00999450683597,-0.01973457277905044,-0.004911289931109564,-0.00142925995897214,-0.0030225698834630554,-0.005112133549474263,0.01602441991019199,-0.018909052804660043,-0.01342753266207386,0.03201626194073848,0.007614219148881247,0.019174872061517367,0.01931427559876514,0.6930756137617234,-0.8198735537804609,False,True,False,False
2025-08-21,AAPL,224.8999938964844,-0.004911289931109564,0.012716766064777785,-0.01973457277905044,-0.00142925995897214,-0.0030225698834630554,-0.0023571895917441354,-0.017002502310726975,-0.020461868963820184,0.024285896391668116,0.007362477730538288,0.017113501287066776,0.01936657125741181,0.7568317991828419,-1.219968947329091,False,False,True,False
2025-08-22,AAPL,227.75999450683597,0.012716766064777785,-0.0026343118159348755,-0.004911289931109564,-0.01973457277905044,-0.00142925995897214,-0.005112133549474263,-0.0011577793105446155,-0.007430335163381652,0.033986232845153674,0.011541252454957211,0.010851853477558937,0.019483813330734814,0.7667897598411288,-0.7639168872868294,False,False,False,True
2025-08-25,AAPL,227.16000366210935,-0.0026343118159348755,0.009464667467088184,0.012716766064777785,-0.004911289931109564,-0.01973457277905044,-0.0030225698834630554,-0.0005191578846621692,-0.010036449449986717,0.028146160679368926,0.01154469104002974,0.01054131478585656,0.019522838200665055,0.7639698325220194,-1.1832253341057162,False,False,False,False
2025-08-26,AAPL,229.30999755859372,0.009464667467088184,0.005145907056533172,-0.0026343118159348755,0.012716766064777785,-0.004911289931109564,-0.00142925995897214,0.010051626954930448,-0.0005186800503874656,0.033601491714567944,0.012909399364089576,0.010388892044644566,0.019184918708467804,0.7134754247606012,-0.27875407274912234,True,False,False,False
2025-08-27,AAPL,230.4900054931641,0.005145907056533172,0.008980832210058853,0.009464667467088184,-0.0026343118159348755,0.012716766064777785,-0.01973457277905044,0.011258167111497297,0.005869677867579526,0.033869455588091624,0.007592321088718499,0.008988016512958547,0.01886416639684972,0.6643082818255472,-1.1248780614431493,False,True,False,False
2025-08-28,AAPL,232.55999755859372,0.008980832210058853,-0.001805977697602379,0.005145907056533172,0.009464667467088184,-0.0026343118159348755,-0.004911289931109564,0.013527638440646417,0.015000674489321852,0.037286080935880817,0.005886119096613334,0.00952324292705101,0.018658362273618858,0.5684414797211476,-0.7856918767919846,False,False,True,False
2025-08-29,AAPL,232.13999938964844,-0.001805977697602379,-0.010424735828844955,0.008980832210058853,0.005145907056533172,0.009464667467088184,0.012716766064777785,0.007849533071728532,0.012924456356615766,0.028533848609612056,0.005778488836065735,0.00938449299427762,0.017306938547644833,0.603939785626095,-0.6613643153399463,False,False,False,True
2025-09-02,AAPL,229.72000122070312,-0.010424735828844955,0.038089848308826335,-0.001805977697602379,0.008980832210058853,0.005145907056533172,-0.0026343118159348755,-0.004869084846254479,0.0028769746476318137,0.011848937207542098,0.00840891252478483,0.009948642807882595,0.017741823998427265,0.5014701242619887,-0.4141571640967697,True,False,False,False
2025-09-03,AAPL,238.47000122070312,0.038089848308826335,0.005493343195739575,-0.010424735828844955,-0.001805977697602379,0.008980832210058853,0.009464667467088184,0.024901580824075786,0.037493701862623574,0.04217772029694511,0.018372090917084766,0.015705651911858194,0.018971053372111833,0.5889889407868953,0.460094182928849,False,True,False,False
2025-09-04,AAPL,239.77999877929688,0.005493343195739575,-0.00037532879451496193,0.038089848308826335,-0.010424735828844955,-0.001805977697602379,0.005145907056533172,0.022367755437161074,0.036980653272348674,0.041808198660111984,0.01835926333788411,0.013420797574321635,0.016108490629966145,0.6180837336448786,-0.2228566948717303,False,False,True,False
2025-09-05,AAPL,239.69000244140625,-0.00037532879451496193,-0.007551410322323426,0.005493343195739575,0.038089848308826335,-0.010424735828844955,0.008980832210058853,0.015807771746933375,0.0300032755762889,0.0369322628696207,0.018716130433374605,0.013083012612319814,0.014969339645313095,0.6419063125728708,0.23535700339111884,False,False,False,True
2025-09-08,AAPL,237.8800048828125,-0.007551410322323426,-0.014839409394816094,-0.00037532879451496193,0.005493343195739575,0.038089848308826335,-0.001805977697602379,0.0032559136269709743,0.01779909139304281,0.02714900584715174,0.01949054415745818,0.013567880158510327,0.012225995561532007,0.6178753880614412,0.15697749938333586,False,False,False,False
2025-09-09,AAPL,234.3500061035156,-0.014839409394816094,-0.03225949486019397,-0.007551410322323426,-0.00037532879451496193,0.005493343195739575,-0.010424735828844955,-0.015476766094203787,-0.0003796098804895731,0.010342730397857602,0.020443313384875227,0.014770457538740856,0.012594952510847817,0.5576866262714832,1.5903180337236953,True,False,False,False
2025-09-10,AAPL,226.7899932861328,-0.03225949486019397,0.014286368839370622,-0.014839409394816094,-0.007551410322323426,-0.00037532879451496193,0.038089848308826335,-0.03779415935212893,-0.03158590237157233,-0.02164725180574023,0.014641847703593188,0.018284845173052646,0.014480545401396537,0.5108756146627699,2.4251641876277237,False,True,False,False
2025-09-11,AAPL,230.02999877929688,0.014286368839370622,0.017562963814985233,-0.03225949486019397,-0.014839409394816094,-0.007551410322323426,0.005493343195739575,-0.015906028294834784,-0.017557803120701654,-0.00696330341681517,0.017249712940437166,0.01884361662231132,0.014380858497366256,0.5675178492449323,0.17820809326867637,False,False,True,False
2025-09-12,AAPL,234.07000732421875,0.017562963814985233,0.011235910376080627,0.014286368839370622,-0.03225949486019397,-0.014839409394816094,-0.00037532879451496193,0.00621606212653858,-0.0009475100186194796,0.010196077522333757,0.020775514162882706,0.019484668751087893,0.01493300003738755,0.5805465036519988,0.5786134174157905,False,False,False,True
2025-09-15,AAPL,236.6999969482422,0.011235910376080627,0.0061258849469241206,0.017562963814985233,0.014286368839370622,-0.03225949486019397,-0.007551410322323426,0.01855515969370547,0.008315282091749143,0.020421348355165625,0.02177421008381845,0.019724545784045214,0.01506329439353111,0.6157766259166936,-0.3466987163736555,False,False,False,False
2025-09-16,AAPL,238.1499938964844,0.0061258849469241206,0.0035272375318422533,0.011235910376080627,0.017562963814985233,0.014286368839370622,-0.014839409394816094,0.02145416598689276,0.010862017336382479,0.025068199252650025,0.020368686853294966,0.019243307651896923,0.015067242631076406,0.6091357570473442,1.0820252459478725,True,False,False,False
2025-09-17,AAPL,238.9900054931641,0.0035272375318422533,-0.0046445482440199415,0.0061258849469241206,0.011235910376080627,0.017562963814985233,-0.03225949486019397,0.014440485074926679,0.014203709375780527,0.026820935347724673,0.005755530953632098,0.015040568358444657,0.01505456791893847,0.6058266833657755,-0.18472111391091275,False,True,False,False
2025-09-18,AAPL,237.8800048828125,-0.0046445482440199415,0.03203293660995743,0.0035272375318422533,0.0061258849469241206,0.011235910376080627,0.014286368839370622,0.0030443972736542424,0.010307804379361185,0.0194522373242505,0.008331481943703374,0.014994762574553126,0.014270710864637683,0.5678572149444959,-0.36064344344901295,False,False,True,False
2025-09-19,AAPL,245.5,0.03203293660995743,0.04309566831880085,-0.0046445482440199415,0.0035272375318422533,0.0061258849469241206,0.017562963814985233,0.025291925250516156,0.04010438662999505,0.04748454073555508,0.013763652579085546,0.01822530116668203,0.015571015152670642,0.643965495218034,3.7989376939000374,False,False,False,True
2025-09-22,AAPL,256.0799865722656,0.04309566831880085,-0.006443275472520216,0.03203293660995743,-0.0046445482440199415,0.0035272375318422533,0.011235910376080627,0.05244118239085549,0.07662678489787256,0.08606490720001103,0.0204358255168768,0.021794732164559502,0.017744165906502442,0.741568791333703,1.53785827644244,False,False,False,False
2025-09-23,AAPL,254.42999267578125,-0.006443275472520216,-0.008332331793480918,0.04309566831880085,0.03203293660995743,-0.0046445482440199415,0.0061258849469241206,0.031852227374424835,0.060734900952511106,0.07286298350815978,0.02261518989591925,0.020980209516000128,0.01786205073377734,0.6681415329739008,-0.003288631419796534,True,False,False,False
2025-09-24,AAPL,252.30999755859372,-0.008332331793480918,0.018072995928489988,-0.006443275472520216,0.04309566831880085,0.03203293660995743,0.0035272375318422533,0.012317450111583028,0.04082272150242949,0.05878920879057681,0.024470261383443104,0.016761601139283756,0.018113242856116703,0.6297907770200001,-0.5849707405173544,False,True,False,False
2025-09-25,AAPL,256.8699951171875,0.018072995928489988,-0.005489112898051984,-0.008332331793480918,-0.006443275472520216,0.04309566831880085,-0.0046445482440199415,0.015143973701415847,0.04802975611437299,0.07199120258479152,0.02286260645305685,0.01689026977644705,0.018349888423639348,0.6628744391198532,-0.19768140964756997,False,False,True,False
2025-09-26,AAPL,255.4600067138672,-0.005489112898051984,-0.004031997224675621,0.018072995928489988,-0.008332331793480918,-0.006443275472520216,0.03203293660995743,0.0016861192547228399,0.03325962050590148,0.061036851654002966,0.022306485568671368,0.017491288433205333,0.018493910081630607,0.6679404677829709,-0.5300006721794083,False,False,False,True
2025-09-29,AAPL,254.42999267578125,-0.004031997224675621,0.0007861188255666729,-0.005489112898051984,0.018072995928489988,-0.008332331793480918,0.04309566831880085,-0.0010600874585632303,0.02176617473325404,0.05188955379345006,0.01091120014053303,0.017927413917444415,0.018542822638890705,0.7014445026890929,-0.7382822030796854,False,False,False,False
2025-09-30,AAPL,254.6300048828125,0.0007861188255666729,0.003220327729275496,-0.004031997224675621,-0.005489112898051984,0.018072995928489988,-0.006443275472520216,-0.0004317912659946854,0.01584631747984888,0.04732351282655989,0.010522167127210203,0.018048409747058833,0.01822649503356169,0.8276837849992563,-0.8047713012521501,True,False,False,False
2025-10-01,AAPL,255.4499969482422,0.003220327729275496,0.00657666061710982,0.0007861188255666729,-0.004031997224675621,-0.005489112898051984,-0.008332331793480918,0.00032109614712583223,0.012469081635272161,0.0470399354157891,0.00938704819171788,0.018054961533925308,0.016513866317119322,0.8172742059122865,-0.39379199436603063,False,True,False,False
2025-10-02,AAPL,257.1300048828125,0.00657666061710982,0.0034612223931820285,0.003220327729275496,0.0007861188255666729,-0.004031997224675621,0.018072995928489988,0.0066948698376672056,0.011410999945526079,0.050191778743974735,0.005010058703381937,0.017605922754226695,0.01652226890017735,0.8058356596295312,-0.5914599972234954,False,False,True,False
2025-10-03,AAPL,258.0199890136719,0.0034612223931820285,-0.005154587353288997,0.00657666061710982,0.003220327729275496,0.0007861188255666729,-0.005489112898051984,0.008158383289037063,0.009938086755278297,0.0498967076694814,0.003950590483085757,0.015449469685138906,0.016495595442682292,0.7964405750264294,-0.3577715429910875,False,False,False,True
2025-10-06,AAPL,256.69000244140625,-0.005154587353288997,-0.0008180741481198517,0.0034612223931820285,0.00657666061710982,0.003220327729275496,-0.004031997224675621,0.0011935331692081164,0.004492428477776977,0.040502978053319705,0.004387062977768611,0.008000306374185162,0.016417156405648045,0.7586499191521543,-0.5017385763435822,False,False,False,False
2025-10-07,AAPL,256.4800109863281,-0.0008180741481198517,0.006160271773965942,-0.005154587353288997,0.0034612223931820285,0.00657666061710982,0.0007861188255666729,-0.0010671298879557645,0.002866156255627361,0.035009501302412094,0.004533933352119027,0.00766691228257232,0.015863057535191797,0.7483674020943566,-0.8582219953802497,True,False,False,False
2025-10-08,AAPL,258.0599975585937,0.006160271773965942,-0.015577789314471846,-0.0008180741481198517,-0.005154587353288997,0.0034612223931820285,0.003220327729275496,0.003047297762151624,0.006780523855524079,0.0348561095110238,0.00498769353448612,0.0070908333314265715,0.013274407702984993,0.7827919186774195,-0.6347589261775216,False,True,False,False
2025-10-09,AAPL,254.0399932861328,-0.015577789314471846,-0.03452208016630676,0.006160271773965942,-0.0008180741481198517,-0.005154587353288997,0.00657666061710982,-0.010200365407626255,-0.007807430326272735,0.013854472158972397,0.008534862966962285,0.006738403900223143,0.014018542506456717,0.6331048788827217,-0.5492181139452552,False,False,True,False
2025-10-10,AAPL,245.2700042724609,-0.03452208016630676,0.009744360696440912,-0.015577789314471846,0.006160271773965942,-0.0008180741481198517,0.0034612223931820285,-0.03478047671495654,-0.03823227760187775,-0.023328672750901003,0.015822316356217194,0.012573813650213607,0.0162375663303403,0.32144032738913725,0.2302996613953765,False,False,False,True
2025-10-13,AAPL,247.66000366210935,0.009744360696440912,0.0004441597703503941,-0.03452208016630676,-0.015577789314471846,0.006160271773965942,-0.005154587353288997,-0.018398578905759466,-0.026275529935949393,-0.015958961313693676,0.018185336856255896,0.013302293044223187,0.016198536101927754,0.3908416604706663,-0.5549471417533681,False,False,False,False
2025-10-14,AAPL,247.7700042724609,0.0004441597703503941,0.0063364896410273985,0.009744360696440912,-0.03452208016630676,-0.015577789314471846,-0.0008180741481198517,-0.011135042828441577,-0.023208491951582477,-0.017399821253277548,0.018301047016329865,0.013293022252346721,0.016179370357189,0.42172412992567165,-0.5925229547691366,True,False,False,False
2025-10-15,AAPL,249.33999633789065,0.0063364896410273985,-0.007580008893106949,0.0004441597703503941,0.009744360696440912,-0.03452208016630676,0.006160271773965942,0.002105957699297889,-0.014645575601523908,-0.013198784641297201,0.01833226831850714,0.01348103063674662,0.01620453856941528,0.35524771949236966,-0.618201047543338,False,True,False,False
2025-10-16,AAPL,247.4499969482422,-0.007580008893106949,0.019559492412937862,0.0063364896410273985,0.0004441597703503941,0.009744360696440912,-0.015577789314471846,-0.0001939577296686812,-0.018359408325711257,-0.022529816566695504,0.017703771522927337,0.013181201986342112,0.01628333588817359,0.3488104576030618,-0.4177356661317997,False,False,True,False
2025-08-19,AMZN,228.00999450683597,-0.01503309388634011,-0.018420231785569063,0.0019911124801876845,0.00021648217457248542,0.02858923333961183,0.0007681796954406295,-0.0052527503319415025,0.010248228303941342,0.009523621581340347,0.01632028103417271,0.016556731158421344,0.02380034423705861,0.47957265108436886,-0.6471392697555032,True,False,False,False
2025-08-20,AMZN,223.80999755859372,-0.018420231785569063,-0.008310623433453124,-0.01503309388634011,0.0019911124801876845,0.00021648217457248542,0.013952211680404059,-0.022936825039687525,-0.009019391722606906,-0.008088290971188017,0.018609427121991796,0.013468814507465681,0.024151037689117034,0.4039895850087706,-0.4120627049595018,False,True,False,False
2025-08-21,AMZN,221.9499969482422,-0.008310623433453124,0.031043025385826706,-0.018420231785569063,-0.01503309388634011,0.0019911124801876845,0.02858923333961183,-0.023356721173059425,-0.01674132429422448,-0.014085768139364241,0.009019917829983275,0.013710640782284256,0.023824619339207688,0.5996124927114866,-0.5579634454440434,False,False,True,False
2025-08-22,AMZN,228.83999633789065,0.031043025385826706,-0.003932852258726305,-0.008310623433453124,-0.018420231785569063,-0.01503309388634011,0.00021648217457248542,0.008905732233719377,0.011027452169102059,0.01710733992647473,0.019917061441394785,0.016905192846744712,0.02493576493535404,0.7152515957496113,-0.381224414102498,False,False,False,True
2025-08-25,AMZN,227.94000244140625,-0.003932852258726305,0.0033781006590050122,0.031043025385826706,-0.008310623433453124,-0.018420231785569063,0.0019911124801876845,0.00809342754664466,0.004105598876218419,0.014200331273747313,0.019815116922390977,0.01678245386004946,0.024905745432308234,0.6831913038610549,-0.9311611582283609,False,False,False,False
2025-08-26,AMZN,228.7100067138672,0.0033781006590050122,0.0017926124405795996,-0.003932852258726305,0.031043025385826706,-0.008310623433453124,-0.01503309388634011,0.010872957851346676,0.004294554611261381,0.0181473680776969,0.01868218454895947,0.016762679724028447,0.024867037445664052,0.6034260742898202,-0.7767667641780752,True,False,False,False
2025-08-27,AMZN,229.1199951171875,0.0017926124405795996,0.0108240705271474,0.0033781006590050122,-0.003932852258726305,0.031043025385826706,-0.018420231785569063,0.007953806263428564,0.004084334667129985,0.020215493740338042,0.015394102260247951,0.016343721479337905,0.024857835156083294,0.5981000729959107,-0.9221368378922532,False,True,False,False
2025-08-28,AMZN,231.6000061035156,0.0108240705271474,-0.011226278216735053,0.0017926124405795996,0.0033781006590050122,-0.003932852258726305,-0.008310623433453124,0.010286093939724239,0.014676916116169059,0.03183498790378558,0.013595172110396877,0.01393652167064604,0.02467303625742302,0.6367823402000592,-0.38174078064342426,False,False,True,False
2025-08-29,AMZN,229.0,-0.011226278216735053,-0.015982548742835556,0.0108240705271474,0.0017926124405795996,0.0033781006590050122,0.031043025385826706,-0.0011950856735403192,0.004178962570959399,0.017022921592517726,0.008263511851080893,0.014410835696307777,0.015615291492125894,0.6139726721600741,-0.8215302249711833,False,False,False,True
2025-09-02,AMZN,225.33999633789065,-0.015982548742835556,0.0028845707190781056,-0.011226278216735053,0.0108240705271474,0.0017926124405795996,-0.003932852258726305,-0.014924348880669958,-0.009198366438983197,-0.002264778410647872,0.011046557829745568,0.015128502790732988,0.015711477895908432,0.5519183401351442,0.28892846383776766,True,False,False,False
2025-09-03,AMZN,225.9900054931641,0.0028845707190781056,0.042877945692648245,-0.015982548742835556,-0.011226278216735053,0.0108240705271474,0.0033781006590050122,-0.00972786079159571,-0.0054570030821033955,-0.0020908213465405945,0.010985814067484563,0.014540231995121273,0.01563290451083857,0.5205283748473422,-0.5543681237390937,False,True,False,False
2025-09-04,AMZN,235.67999267578125,0.042877945692648245,-0.014214150326010255,0.0028845707190781056,-0.015982548742835556,-0.011226278216735053,0.0017926124405795996,0.026829639644285974,0.03179707668303555,0.03763447117732133,0.023306973787195456,0.01863001684452532,0.015995564073196585,0.5616797151873155,2.348725443810872,False,False,True,False
2025-09-05,AMZN,232.3300018310547,-0.014214150326010255,0.015107797009308976,0.042877945692648245,0.0028845707190781056,-0.015982548742835556,0.0108240705271474,0.011590655084582124,0.012529696550762193,0.02081796380352574,0.02463019443435567,0.019195417539746303,0.016452032639349475,0.5157005163023328,0.19188678725016384,False,False,False,True
2025-09-08,AMZN,235.83999633789065,0.015107797009308976,0.010176429751274751,-0.014214150326010255,0.042877945692648245,0.0028845707190781056,-0.011226278216735053,0.020793286904176478,0.024700727879806372,0.03325526164311343,0.024209472917908113,0.017341559654214966,0.01666871270063772,0.5489312837796327,-0.08126716203131525,False,False,False,False
2025-09-09,AMZN,238.2400054931641,0.010176429751274751,-0.03320182790348525,0.015107797009308976,-0.014214150326010255,0.042877945692648245,-0.015982548742835556,0.019793186766765558,0.03051670681137031,0.03991115479280971,0.020824850393075654,0.017275023089385364,0.016593562925303663,0.6179388070183537,-0.7193787267248144,True,False,False,False
2025-09-10,AMZN,230.3300018310547,-0.03320182790348525,-0.0016498279850283293,0.010176429751274751,0.015107797009308976,-0.014214150326010255,0.0028845707190781056,-0.017715485104407902,-0.00439598650719053,0.0034438611563767374,0.029106038937169378,0.0210204216994943,0.01854647487268082,0.5692438827840215,2.096786360051185,False,True,False,False
2025-09-11,AMZN,229.9499969482422,-0.0016498279850283293,-0.00782780202498956,-0.03320182790348525,0.010176429751274751,0.015107797009308976,0.042877945692648245,-0.014519724746716478,-0.006395036749695326,0.0006135413089904951,0.019530859726952343,0.021032434138363768,0.018349927264271086,0.5877192863240328,0.14112296693818283,False,False,True,False
2025-09-12,AMZN,228.1499938964844,-0.00782780202498956,0.014376501718361023,-0.0016498279850283293,-0.03320182790348525,0.010176429751274751,-0.014214150326010255,-0.01871814016845963,-0.012700976695226185,-0.0066074026528636365,0.01895813962813653,0.020847249133864442,0.017279886427566074,0.49148355604997535,0.37076795210375113,False,False,False,True
2025-09-15,AMZN,231.42999267578125,0.014376501718361023,0.011320962964584513,-0.00782780202498956,-0.0016498279850283293,-0.03320182790348525,0.015107797009308976,-0.0008203328497803364,0.0004409078211762285,0.00758636601690843,0.018780888723725842,0.021064522082388997,0.01759690270462265,0.5406853465526033,-0.103965474061442,False,False,False,False
2025-09-16,AMZN,234.0500030517578,0.011320962964584513,-0.010382430689534927,0.014376501718361023,-0.00782780202498956,-0.0016498279850283293,0.010176429751274751,0.01416057319867603,0.007971627940280168,0.018425667342169882,0.018996895656542532,0.020339029436277765,0.017768800221919304,0.5596780715841145,0.3191154867928739,True,False,False,False
2025-09-17,AMZN,231.6199951171875,-0.010382430689534927,-0.0016837898189711042,0.011320962964584513,0.014376501718361023,-0.00782780202498956,-0.03320182790348525,0.0025103825679111402,-0.004906311505032845,0.007060974876577086,0.01117837455755619,0.020845189810407384,0.017581526738756976,0.5267322265989314,0.7049718429285402,False,True,False,False
2025-09-18,AMZN,231.22999572753903,-0.0016837898189711042,0.0010811746080494622,-0.010382430689534927,0.011320962964584513,0.014376501718361023,-0.0016498279850283293,-0.00028535023228082323,-0.004678962673729803,0.0037461818625410537,0.011180524536745019,0.015323771629906996,0.01700066654560504,0.49585840438499396,0.22027284402304825,False,False,True,False
2025-09-19,AMZN,231.47999572753903,0.0010811746080494622,-0.016632067201427292,-0.0016837898189711042,-0.010382430689534927,0.011320962964584513,-0.00782780202498956,-0.0020779297461560597,-0.0032381496117476205,0.00275726514888186,0.010041861188642094,0.01469727962585432,0.01683652686079843,0.5293005008191369,3.4242784848810572,False,False,False,True
2025-09-22,AMZN,227.6300048828125,-0.016632067201427292,-0.030400202172415014,0.0010811746080494622,-0.0016837898189711042,-0.010382430689534927,0.014376501718361023,-0.01544966754408783,-0.016338867539907875,-0.013662161187242172,0.010764245371708225,0.014432594540151176,0.015892097258417146,0.5269349330051136,0.37693303321991284,False,False,False,False
2025-09-23,AMZN,220.7100067138672,-0.030400202172415014,-0.0022654160880354324,-0.016632067201427292,0.0010811746080494622,-0.0016837898189711042,0.011320962964584513,-0.034235575154941134,-0.03896224819373517,-0.04214664402131074,0.012643131840050366,0.015816001302356164,0.017266615587465346,0.445879469824603,1.6034743096941015,True,False,False,False
2025-09-24,AMZN,220.2100067138672,-0.0022654160880354324,-0.009354764790773018,-0.030400202172415014,-0.016632067201427292,0.0010811746080494622,-0.010382430689534927,-0.02670471503942573,-0.03689542989235528,-0.04255061679418759,0.01334097210484338,0.01300606503750802,0.01722930683220295,0.3046226138041733,0.3652847448771812,False,True,False,False
2025-09-25,AMZN,218.1499938964844,-0.009354764790773018,0.007471945580644457,-0.0022654160880354324,-0.030400202172415014,-0.016632067201427292,-0.0016837898189711042,-0.024530968410725995,-0.040955593325343154,-0.04923993975675134,0.012567023001917326,0.013052765861590243,0.017288836293105514,0.3148825650803096,0.44705680273827914,False,False,True,False
2025-09-26,AMZN,219.77999877929688,0.007471945580644457,0.01087450815780766,-0.009354764790773018,-0.0022654160880354324,-0.030400202172415014,0.0010811746080494622,-0.0068505684825583835,-0.03022120103608328,-0.03966232389097324,0.014364738467189185,0.0135929985474091,0.01717066602477474,0.2795170484893481,-0.19267676085294272,False,False,False,True
2025-09-29,AMZN,222.1699981689453,0.01087450815780766,-0.011702709034319914,0.007471945580644457,-0.009354764790773018,-0.0022654160880354324,-0.016632067201427292,0.008928072636392503,-0.01565332189157964,-0.027768361317373147,0.01642262112970585,0.013113729087931751,0.017288661440571798,0.2793189749186652,-0.09575919856257113,False,False,False,False
2025-09-30,AMZN,219.57000732421875,-0.011702709034319914,0.004827606336181178,0.01087450815780766,0.007471945580644457,-0.009354764790773018,-0.030400202172415014,-0.0018456270254090246,-0.020891364627684927,-0.037931499572010585,0.009984100461718923,0.012108113278956733,0.017123991722247697,0.3270098532949227,0.12718336139153782,True,False,False,False
2025-10-01,AMZN,220.6300048828125,0.004827606336181178,0.008067800117405932,-0.011702709034319914,0.01087450815780766,0.007471945580644457,-0.0022654160880354324,0.0025902220797964226,-0.011319419529016606,-0.03215049532043235,0.010258651433470283,0.012487600589080994,0.017153615269907774,0.35336708687172547,-0.19590753819962278,False,True,False,False
2025-10-02,AMZN,222.41000366210935,0.008067800117405932,-0.013039023009410733,0.004827606336181178,-0.011702709034319914,0.01087450815780766,-0.009354764790773018,0.006780985556465335,0.0006118645709543014,-0.021494030973162492,0.008987182445780829,0.013120805589857305,0.013922472872315657,0.409634942051286,-0.31157030514690814,False,False,True,False
2025-10-03,AMZN,219.50999450683597,-0.013039023009410733,0.00633228292302257,0.008067800117405932,0.004827606336181178,-0.011702709034319914,0.007471945580644457,-0.006103501760034158,-0.0070880617723469985,-0.03152156835990616,0.011329505100657717,0.013295382722582015,0.013874165107038731,0.3100702592949493,-0.1834296314520145,False,False,False,True
2025-10-06,AMZN,220.8999938964844,0.00633228292302257,0.003983725247293846,-0.013039023009410733,0.008067800117405932,0.004827606336181178,0.01087450815780766,0.0013417392288703756,0.0022503813001093498,-0.02216617777233776,0.010360762220557025,0.013085911264245685,0.013410988886962025,0.2819236290204026,-0.21511007226048526,False,False,False,False
2025-10-07,AMZN,221.77999877929688,0.003983725247293846,0.015510877718191152,0.00633228292302257,-0.013039023009410733,0.008067800117405932,-0.011702709034319914,0.0033205741638684394,0.005754809138367012,-0.014681155695939418,0.008568600620038636,0.008915413698884213,0.013155424147522719,0.32797212854677793,-1.065453229254927,True,False,False,False
2025-10-08,AMZN,225.22000122070312,0.015510877718191152,0.01118907849570383,0.003983725247293846,0.00633228292302257,-0.013039023009410733,0.004827606336181178,0.01466905818464137,0.019039697927176302,0.0017391079142701216,0.010543587926097903,0.01000413249105945,0.011805103917276847,0.40505540632401155,0.014624560628640372,False,True,False,False
2025-10-09,AMZN,227.7400054931641,0.01118907849570383,-0.04992539782966621,0.015510877718191152,0.003983725247293846,0.00633228292302257,0.008067800117405932,0.021118265433557548,0.02598990320504968,0.013445736512958995,0.010917738508233403,0.009438898523266641,0.012116015598529801,0.44487044860994407,-0.03488790154834566,False,False,True,False
2025-10-10,AMZN,216.3699951171875,-0.04992539782966621,0.017100394188331425,0.01118907849570383,0.015510877718191152,0.003983725247293846,-0.013039023009410733,-0.02712207540389433,-0.023733272484525836,-0.034620630956863185,0.026837312333338945,0.01946120569526211,0.016378871957495905,0.36414091674389276,1.54109928409395,False,False,False,True
2025-10-13,AMZN,220.07000732421875,0.017100394188331425,-0.016721987604375044,-0.04992539782966621,0.01118907849570383,0.015510877718191152,0.00633228292302257,-0.009746369837599023,-0.006096982607902479,-0.015617596126876299,0.02813229749650991,0.01998950766232835,0.016537302019435682,0.4916274382987668,-0.7253019850421167,False,False,False,False
2025-10-14,AMZN,216.38999938964844,-0.016721987604375044,-0.003789417568938358,0.017100394188331425,-0.04992539782966621,0.01118907849570383,0.003983725247293846,-0.021559257555645805,-0.02131143557494919,-0.02824027001358731,0.028835651121963325,0.02035433620866496,0.016503188398000114,0.4538647069039578,-0.2361226584612333,True,False,False,False
2025-10-15,AMZN,215.57000732421875,-0.003789417568938358,-0.00510277898660183,-0.016721987604375044,0.017100394188331425,-0.04992539782966621,0.015510877718191152,-0.01668580453493429,-0.022783701118203825,-0.02842125162067377,0.02668740045311454,0.020249762889892043,0.01643012159692164,0.46787868040870356,-0.2310091742481128,False,True,False,False
2025-10-16,AMZN,214.47000122070312,-0.00510277898660183,-0.006667636156250767,-0.003789417568938358,-0.016721987604375044,0.017100394188331425,0.01118907849570383,-0.00971492808154173,-0.024258192355750885,-0.02971434772907089,0.024606726742963818,0.01993877822899262,0.016428522935166195,0.433005389509877,-0.4842108747132126,False,False,True,False
2025-08-19,GOOGL,201.389892578125,-0.009483995050079685,-0.011162432582165205,-0.0019616729992225634,0.004730436677748973,0.004852378555552539,0.01164177550810308,-0.005937596928948907,0.0017195456105600915,0.022310657023745906,0.006534757908594184,0.009891390246370526,0.012704081940380365,0.5873791212076689,-0.8358769401061512,True,False,False,False
2025-08-20,GOOGL,199.1418914794922,-0.011162432582165205,0.0021573120696150028,-0.009483995050079685,-0.0019616729992225634,0.004730436677748973,-0.006786597929936855,-0.014467530800336803,-0.011049527743931975,0.008574312450561727,0.00758922296887241,0.010792450606384556,0.012946788708363464,0.6402122445494949,-0.4074141363496174,False,True,False,False
2025-08-21,GOOGL,199.57150268554688,0.0021573120696150028,0.031739678470673605,-0.011162432582165205,-0.009483995050079685,-0.0019616729992225634,0.004852378555552539,-0.009215928330997936,-0.010501825611065385,0.008815447193868398,0.006999988537010086,0.010792271038063794,0.012816595402039813,0.7201499384789938,-1.4064089526352823,False,False,True,False
2025-08-22,GOOGL,205.9058380126953,0.031739678470673605,0.011645408839101368,0.0021573120696150028,-0.011162432582165205,-0.009483995050079685,0.004730436677748973,0.0200152166514862,0.018548246533171886,0.03745279993559203,0.017356321628803937,0.012500762700716844,0.014435125494017476,0.7250517269632843,1.3753005404641518,False,False,False,True
2025-08-25,GOOGL,208.3036956787109,0.011645408839101368,-0.006475164325745131,0.031739678470673605,0.0021573120696150028,-0.011162432582165205,-0.0019616729992225634,0.02682176288310001,0.02660941101109504,0.045348233094492985,0.01759446584321089,0.01271007297665356,0.0144653728992196,0.759970488904601,-0.1259189076374674,False,False,False,False
2025-08-26,GOOGL,206.95489501953125,-0.006475164325745131,0.0016413777604891155,0.011645408839101368,0.031739678470673605,0.0021573120696150028,-0.009483995050079685,0.0146063105673504,0.018057032888378455,0.03562229841077813,0.017018143155318056,0.012749302256915165,0.01434044455461135,0.7084123549375556,-0.2365290957811302,True,False,False,False
2025-08-27,GOOGL,207.29458618164065,0.0016413777604891155,0.020050189698274323,-0.006475164325745131,0.011645408839101368,0.031739678470673605,-0.011162432582165205,0.008212220537934245,0.01696903946901296,0.03449044431872417,0.01467021109566155,0.012382688530359672,0.014340936081209144,0.7074188826880823,-0.8563002798188837,False,True,False,False
2025-08-28,GOOGL,211.4508819580078,0.020050189698274323,0.00600073100443832,0.0016413777604891155,-0.006475164325745131,0.011645408839101368,0.0021573120696150028,0.01667886130517826,0.03295460044504206,0.05006463711989095,0.015023546360322352,0.013544989904932548,0.013405163645634648,0.6989880207288408,0.5556499867144679,False,False,True,False
2025-08-29,GOOGL,212.71974182128903,0.00600073100443832,-0.007326982143995853,0.020050189698274323,0.0016413777604891155,-0.006475164325745131,0.031739678470673605,0.016121643968197263,0.034603387171079136,0.050170528402941894,0.010028296893977563,0.013555551576849725,0.012601197278299697,0.7244631033629932,1.6199374950210161,False,False,False,True
2025-09-02,GOOGL,211.16114807128903,-0.007326982143995853,0.09136500745700982,0.00600073100443832,0.020050189698274323,0.0016413777604891155,0.011645408839101368,0.0059304482493269806,0.023120085395641476,0.03829946416672492,0.011155023043236954,0.013936809281169806,0.011433583694521757,0.6555344735973466,2.2788320765332566,True,False,False,False
2025-09-03,GOOGL,230.45388793945312,0.09136500745700982,0.0071100321220398666,-0.007326982143995853,0.00600073100443832,0.020050189698274323,-0.006475164325745131,0.07379615273215623,0.10109175797457204,0.12323385901016315,0.03982847349951833,0.03019633861769044,0.02251423250410659,0.8285258447188465,3.8464193691952633,False,True,False,False
2025-09-04,GOOGL,232.0924224853516,0.0071100321220398666,0.01162289587347698,0.09136500745700982,-0.007326982143995853,0.00600073100443832,0.0016413777604891155,0.05700453553245155,0.0917328360275873,0.12133383917080032,0.03918769129443394,0.029037597407978916,0.02251489653886782,0.8310782880662362,0.9074586994007547,False,False,True,False
2025-09-05,GOOGL,234.79000854492188,0.01162289587347698,-0.003194408754602418,0.0071100321220398666,0.09136500745700982,-0.007326982143995853,0.020050189698274323,0.04703177354529964,0.0864238754132498,0.12392869050187305,0.03954948302807385,0.02869606834744619,0.02246929036653182,0.8374568595679744,0.5729721207721582,False,False,False,True
2025-09-08,GOOGL,234.0399932861328,-0.003194408754602418,0.02388485625123682,0.01162289587347698,0.0071100321220398666,0.09136500745700982,0.00600073100443832,0.024211465325254977,0.0690363797909197,0.11161158529530191,0.04066325159911405,0.028793021680556523,0.02231309241657264,0.8311313670907784,-0.1756106395394444,False,False,False,False
2025-09-09,GOOGL,239.6300048828125,0.02388485625123682,-0.0019196540687471675,-0.003194408754602418,0.01162289587347698,0.0071100321220398666,-0.007326982143995853,0.023179812848248105,0.07912882202732807,0.12776804300615696,0.037725254258334805,0.028977073373927586,0.022462462396020004,0.8820119760786747,0.09537386722458174,True,False,False,False
2025-09-10,GOOGL,239.1699981689453,-0.0019196540687471675,0.005017338953168027,0.02388485625123682,-0.003194408754602418,0.01162289587347698,0.09136500745700982,0.013670642434544078,0.06165533714663529,0.11614482454141517,0.01105343971710451,0.028645151176285452,0.022586124738566093,0.9146878237982053,-0.07767757576664752,False,True,False,False
2025-09-11,GOOGL,240.3699951171875,0.005017338953168027,0.001788941811812439,-0.0019196540687471675,0.02388485625123682,-0.003194408754602418,0.0071100321220398666,0.011658228607691612,0.05154337399272113,0.11173419544241225,0.0111114005803206,0.028490700942953008,0.022320385885115635,0.9160282037112603,-0.3340588707055571,False,False,True,False
2025-09-12,GOOGL,240.8000030517578,0.001788941811812439,0.04489201587040781,0.005017338953168027,-0.0019196540687471675,0.02388485625123682,0.01162289587347698,0.008366781515994903,0.04007072265453404,0.10401077083337618,0.010976250900249623,0.028733822659708298,0.022360927059703706,0.9045325278984728,-0.5504198264895915,False,False,False,True
2025-09-15,GOOGL,251.6100006103516,0.04489201587040781,-0.0017884700415351507,0.001788941811812439,0.005017338953168027,-0.0019196540687471675,-0.003194408754602418,0.03835487640145385,0.06880818249264875,0.1410448278269929,0.019574066453815746,0.030209867825921544,0.02373171906007073,0.9201139792633648,1.0917257609871414,False,False,False,False
2025-09-16,GOOGL,251.16000366210935,-0.0017884700415351507,-0.006489906271085033,0.04489201587040781,0.001788941811812439,0.005017338953168027,0.02388485625123682,0.026726964609791626,0.049071850854151444,0.12678070089697946,0.019937022451467116,0.029755061301096057,0.023726821355278115,0.9364442269781292,-0.25190005670461074,True,False,False,False
2025-09-17,GOOGL,249.52999877929688,-0.006489906271085033,0.010018835459584041,-0.0017884700415351507,0.04489201587040781,0.001788941811812439,-0.0019196540687471675,0.01149601746434703,0.03402445583343483,0.10750849942206986,0.02068771800015536,0.015649426554904467,0.02360069432221587,0.9066364265897084,-0.28345184075954594,False,True,False,False
2025-09-18,GOOGL,252.02999877929688,0.010018835459584041,0.010673342278439968,-0.006489906271085033,-0.0017884700415351507,0.04489201587040781,0.005017338953168027,0.012062988567274502,0.03582627427849028,0.1056278335413352,0.02058677520053248,0.01565617082864266,0.02302062701597164,0.9035606725556404,-0.4513241312469232,False,False,True,False
2025-09-19,GOOGL,254.72000122070312,0.010673342278439968,-0.008597685422860546,0.010018835459584041,-0.006489906271085033,-0.0017884700415351507,0.001788941811812439,0.01155633455104299,0.038376564267539326,0.10407313582973354,0.020112909769453114,0.015637207077874055,0.02290576766312725,0.9062117494735302,0.8223751110763533,False,False,False,True
2025-09-22,GOOGL,252.52999877929688,-0.008597685422860546,-0.0034451159125370445,0.010673342278439968,0.010018835459584041,-0.006489906271085033,0.04489201587040781,0.0021270289555979094,0.021747480194551194,0.08363108683575882,0.009091513270866785,0.016162592108480877,0.022899591483930972,0.8952772574481329,-0.4675204454266077,False,False,False,False
2025-09-23,GOOGL,251.66000366210935,-0.0034451159125370445,-0.01796075739762637,-0.008597685422860546,0.010673342278439968,0.010018835459584041,-0.0017884700415351507,-0.001721566485560877,0.013295337684187336,0.06994489379537772,0.00923678162021145,0.015424573914186649,0.023107392220729963,0.812717757938901,-0.7727990736115156,True,False,False,False
2025-09-24,GOOGL,247.13999938964844,-0.01796075739762637,-0.005462515605930585,-0.0034451159125370445,-0.008597685422860546,0.010673342278439968,-0.006489906271085033,-0.0177890156828181,-0.008087338857575732,0.04182811121712393,0.012301775895473592,0.016981429330013384,0.023667562475536304,0.7045195304990551,-0.6834558236738217,False,True,False,False
2025-09-25,GOOGL,245.7899932861328,-0.005462515605930585,0.0030513854122893314,-0.01796075739762637,-0.0034451159125370445,-0.008597685422860546,0.010018835459584041,-0.01828510829993335,-0.015646991489795425,0.02779761763400601,0.01035858610176303,0.017193324403848922,0.023839135299665984,0.6551914469087684,-0.5578998508557841,False,False,True,False
2025-09-26,GOOGL,246.5399932861328,0.0030513854122893314,-0.010099741632933035,-0.005462515605930585,-0.01796075739762637,-0.0034451159125370445,0.010673342278439968,-0.008812715754188849,-0.014907863364567397,0.023425517256572492,0.007703658913375998,0.01719327686391446,0.02372010100868933,0.676354237530318,-1.1914251196713075,False,False,False,True
2025-09-29,GOOGL,244.0500030517578,-0.010099741632933035,-0.0038926323964877385,0.0030513854122893314,-0.005462515605930585,-0.01796075739762637,-0.008597685422860546,-0.012087288901635462,-0.021902476208880528,0.0065437935251124735,0.0078349109845692,0.008935215322515873,0.024060930481454107,0.5683363724193236,-0.39721554736862075,False,False,False,False
2025-09-30,GOOGL,243.1000061035156,-0.0038926323964877385,0.0074043099456047035,-0.010099741632933035,0.0030513854122893314,-0.005462515605930585,-0.0034451159125370445,-0.009065533452801033,-0.02255243492809833,-0.003934722439650651,0.007789667975191928,0.008928024203245934,0.02396418186601981,0.5598539095294366,-0.24103827721275511,True,False,False,False
2025-10-01,GOOGL,244.8999938964844,0.0074043099456047035,0.0032258414234822563,-0.0038926323964877385,-0.010099741632933035,0.0030513854122893314,-0.01796075739762637,9.799233850227296e-05,-0.013478586807202375,0.0004794984783094147,0.006980940193617414,0.009429732002389099,0.013566194567017046,0.5677535111558908,-0.3829860558868283,False,True,False,False
2025-10-02,GOOGL,245.69000244140625,0.0032258414234822563,-0.0013838427877086446,0.0074043099456047035,-0.0038926323964877385,-0.010099741632933035,-0.005462515605930585,0.003406094546910987,-0.007762132183022685,0.000926831762107172,0.0069224066563154385,0.008697486208561356,0.013533992922029814,0.5723586911103236,-0.9138729641051169,False,False,True,False
2025-10-03,GOOGL,245.3500061035156,-0.0013838427877086446,0.02070505989766458,0.0032258414234822563,0.0074043099456047035,-0.0038926323964877385,0.0030513854122893314,0.00299243627713075,-0.005371415410902691,-0.0026037337813124006,0.006704424287362341,0.007406738187733153,0.013406522347468287,0.36578051785965576,-0.34410265563120407,False,False,False,True
2025-10-06,GOOGL,250.42999267578125,0.02070505989766458,-0.01864791880176786,-0.0013838427877086446,0.0032258414234822563,0.0074043099456047035,-0.010099741632933035,0.018446942288697477,0.01608744972288889,0.014667123822402539,0.009684851917003447,0.010437297340202614,0.013946560672654306,0.48694076067609904,-0.4703270243838422,False,False,False,False
2025-10-07,GOOGL,245.75999450683597,-0.01864791880176786,-0.004638669495155567,0.02070505989766458,-0.0013838427877086446,0.0032258414234822563,-0.0038926323964877385,-0.0027026507900028696,-0.0004677334743216077,-0.005489333271808228,0.014300661397318283,0.011875770664009465,0.013914307700354171,0.4391738088248248,-0.9920425072013027,True,False,False,False
2025-10-08,GOOGL,244.6199951171875,-0.004638669495155567,-0.012631822416684813,-0.01864791880176786,0.02070505989766458,-0.0013838427877086446,0.0074043099456047035,-0.007103149997012892,-0.004083505769667761,-0.011192915077309684,0.014231771925737368,0.010603613840576611,0.013961185371139391,0.3749576428708876,-1.0838798965534298,False,True,False,False
2025-10-09,GOOGL,241.52999877929688,-0.012631822416684813,-0.02053571597791637,-0.004638669495155567,-0.01864791880176786,0.02070505989766458,0.0032258414234822563,-0.01632333365536509,-0.014955320978188746,-0.02391219370272657,0.015036174937569933,0.01116815722891853,0.01426295260857895,0.28038600749919523,-0.38635285599334906,False,False,True,False
2025-10-10,GOOGL,236.57000732421875,-0.02053571597791637,0.03204119853569298,-0.012631822416684813,-0.004638669495155567,-0.01864791880176786,-0.0013838427877086446,-0.029583769207981003,-0.031244851252175465,-0.04313900013131655,0.016760377745254067,0.012470217310764432,0.014997901529892964,0.2567071303132391,0.1271069581813875,False,False,False,True
2025-10-13,GOOGL,244.1499938964844,0.03204119853569298,0.005324608168161493,-0.02053571597791637,-0.012631822416684813,-0.004638669495155567,0.02070505989766458,0.006696172721999183,-0.0002457114295614238,-0.010987919789191447,0.02155215122667724,0.016626301806029586,0.013092464033190376,0.40496052237126356,-0.7100981400047395,False,False,False,False
2025-10-14,GOOGL,245.4499969482422,0.005324608168161493,0.02273376207143052,0.03204119853569298,-0.02053571597791637,-0.012631822416684813,-0.01864791880176786,0.012315224341343356,0.004111349329399161,-0.0045705883279721915,0.020357718978834764,0.01663187821623645,0.013178337177653524,0.47671528108025646,-0.9954785795472367,True,False,False,False
2025-10-15,GOOGL,251.02999877929688,0.02273376207143052,0.001712974292560121,0.005324608168161493,0.03204119853569298,-0.02053571597791637,-0.004638669495155567,0.02988356592241237,0.024369741672556566,0.01774970362060757,0.022405498822139935,0.017934356732080575,0.014131106340000544,0.5646595856102948,-0.30754400584460645,False,True,False,False
2025-10-16,GOOGL,251.4600067138672,0.001712974292560121,0.007317252401032315,0.02273376207143052,0.005324608168161493,0.03204119853569298,-0.012631822416684813,0.02330997169425464,0.02371407841352169,0.019610894458705008,0.0203451985392058,0.017935052174553896,0.013954304428712186,0.5611942709953227,-0.1553528179436364,False,False,True,False
2025-08-19,MSFT,508.933349609375,-0.014175136000177835,-0.00794472392905854,-0.005901995633061485,-0.004421230659529152,0.003649715185283675,0.014316580058936212,-0.01592603089168143,-0.02135374412209967,-0.019550546809229297,0.008053609913274484,0.008938161406151661,0.013644113132528743,0.4803265925583745,-0.03991052903128821,True,False,False,False
2025-08-20,MSFT,504.8900146484375,-0.00794472392905854,-0.0012874574564821772,-0.014175136000177835,-0.005901995633061485,-0.004421230659529152,-0.016363020350273483,-0.018110895100699742,-0.02553321020734689,-0.027325916714975973,0.006440938008823134,0.00903790539141805,0.013773182730922286,0.30702949419098885,0.6623335453597946,False,True,False,False
2025-08-21,MSFT,504.239990234375,-0.0012874574564821772,0.005929757278004377,-0.00794472392905854,-0.014175136000177835,-0.005901995633061485,0.003649715185283675,-0.012699943824721616,-0.02382126389374828,-0.02803502445207573,0.004809926799477231,0.008942070237391674,0.013578788326885824,0.34945608191478,-0.5052256830021274,False,False,True,False
2025-08-22,MSFT,507.2300109863281,0.005929757278004377,-0.0058553341804989945,-0.0012874574564821772,-0.00794472392905854,-0.014175136000177835,-0.004421230659529152,-0.0021225644377578234,-0.015373027445692022,-0.021740036003580654,0.007523056462240929,0.009250747474796114,0.0135881771913264,0.247959527421843,0.197861239302957,False,False,False,True
2025-08-25,MSFT,504.260009765625,-0.0058553341804989945,-0.004402493114088024,0.005929757278004377,-0.0012874574564821772,-0.00794472392905854,-0.005901995633061485,-0.0032627603342108014,-0.017963632412571928,-0.02677369330135393,0.007521183985967969,0.009266626422047402,0.013636245885931672,0.27243710946710037,-0.19078755049583204,False,False,False,False
2025-08-26,MSFT,502.0400085449219,-0.004402493114088024,0.00936176720870363,-0.0058553341804989945,0.005929757278004377,-0.0012874574564821772,-0.014175136000177835,-0.004939227357732334,-0.017247499644942876,-0.030151537357641534,0.005404373385379828,0.0069298908556328555,0.013660379809254516,0.27568347300277735,0.9041377265971975,True,False,False,False
2025-08-27,MSFT,506.739990234375,0.00936176720870363,0.005722904191400424,-0.004402493114088024,-0.0058553341804989945,0.005929757278004377,-0.00794472392905854,0.0036402871728375974,-0.005519263231972826,-0.020536787656639133,0.00662046589942491,0.007048621863380376,0.013845351126261878,0.36682940948113507,-0.7763130189709109,False,True,False,False
2025-08-28,MSFT,509.6400146484375,0.005722904191400424,-0.005788423440545976,0.00936176720870363,-0.004402493114088024,-0.0058553341804989945,-0.0012874574564821772,0.007229521530567107,0.002529573777294125,-0.01273841727354652,0.006820599833410369,0.0072765568719051,0.010332211389863104,0.3877826141624602,-0.8609334951059489,False,False,True,False
2025-08-29,MSFT,506.6900024414063,-0.005788423440545976,-0.0030985559546349295,0.005722904191400424,0.00936176720870363,-0.004402493114088024,0.005929757278004377,0.0016130445648188108,-0.0007917010434019822,-0.016876211750181724,0.007200384027994105,0.007333516674613384,0.009722284545780514,0.36857379711528887,-0.0852435527238228,False,False,False,True
2025-09-02,MSFT,505.1199951171875,-0.0030985559546349295,0.0004553590999198942,-0.005788423440545976,0.005722904191400424,0.00936176720870363,-0.0058553341804989945,-0.0018298871566169161,-0.0016964036606690325,-0.01709604222735195,0.0067497890780570695,0.007239195407085055,0.007985749129068713,0.2589286956562451,-0.7277160711848492,True,False,False,False
2025-09-03,MSFT,505.3500061035156,0.0004553590999198942,0.005184515851476723,-0.0030985559546349295,-0.005788423440545976,0.005722904191400424,-0.004402493114088024,-0.0026800358409352354,-0.0005339942380915286,-0.014583906863034457,0.006222056466597718,0.00589295920072178,0.007500603578759355,0.3194442207427926,-1.1191337027798969,False,True,False,False
2025-09-04,MSFT,507.9700012207031,0.005184515851476723,-0.025533006259296664,0.0004553590999198942,-0.0030985559546349295,-0.005788423440545976,0.00936176720870363,0.0020041212942880637,0.004036144034706535,-0.007916883776497907,0.005042796024058681,0.005549803236143281,0.0076267342708254745,0.3315860682456432,-1.204929269613488,False,False,True,False
2025-09-05,MSFT,495.0,-0.025533006259296664,0.006464671125315791,0.005184515851476723,0.0004553590999198942,-0.0030985559546349295,0.005722904191400424,-0.01790780824615079,-0.019809751663092068,-0.030883247521938495,0.011794796582350652,0.0099937002061192,0.009251166086071207,0.2625193579165789,2.2595186274391117,False,False,False,True
2025-09-08,MSFT,498.2000122070313,0.006464671125315791,0.00042150030094911806,-0.025533006259296664,0.005184515851476723,0.0004553590999198942,-0.005788423440545976,-0.008217719694265213,-0.011705971172708662,-0.022418824907524004,0.012997937667606065,0.010041004472387541,0.009408391870013036,0.3241691863569814,-0.9838810340637222,False,False,False,False
2025-09-09,MSFT,498.4100036621094,0.00042150030094911806,0.003932488193810091,0.006464671125315791,-0.025533006259296664,0.005184515851476723,-0.0030985559546349295,-0.0051418621532559605,-0.010140690109547323,-0.019842717331589155,0.01310681501501294,0.009951568274937324,0.00941961622850546,0.3810206656245621,-1.355775678312875,True,False,False,False
2025-09-10,MSFT,500.3699951171875,0.003932488193810091,0.0012790827881028477,0.00042150030094911806,0.006464671125315791,-0.025533006259296664,0.0004553590999198942,0.000760000547862516,-0.005918372631565805,-0.013271467599276554,0.013398546347827563,0.009995158218238586,0.008723942836109947,0.44636910980314043,0.0809690159891089,False,True,False,False
2025-09-11,MSFT,501.010009765625,0.0012790827881028477,0.017744124783092063,0.003932488193810091,0.00042150030094911806,0.006464671125315791,0.005184515851476723,0.0048375757527236996,-0.0035124871683331893,-0.010182791255123114,0.012989450499568053,0.009439507158558314,0.008140248956744485,0.46166656268749084,-0.46947856614967665,False,False,True,False
2025-09-12,MSFT,509.8999938964844,0.017744124783092063,0.010707965327386493,0.0012790827881028477,0.003932488193810091,0.00042150030094911806,-0.025533006259296664,0.01659161868779857,0.014116872875977737,0.00854852223408642,0.006996726167664633,0.01103499102935663,0.009180527169680954,0.5277949330290301,0.46288174569978635,False,False,False,True
2025-09-15,MSFT,515.3599853515625,0.010707965327386493,-0.012263227620067041,0.017744124783092063,0.0012790827881028477,0.003932488193810091,0.006464671125315791,0.02049461959764054,0.02321164316595814,0.01974701604883422,0.0073217658219417005,0.011286067147337,0.009509495229439596,0.609857197917307,-0.772893724416749,False,False,False,False
2025-09-16,MSFT,509.0400085449219,-0.012263227620067041,0.001925154118143313,0.010707965327386493,0.017744124783092063,0.0012790827881028477,0.00042150030094911806,0.003754436709808129,0.009877786502690444,0.007960756140658054,0.011240618789068374,0.012069002141101041,0.009807072124007936,0.5640790974915618,-0.21110300768130422,True,False,False,False
2025-09-17,MSFT,510.0199890136719,0.001925154118143313,-0.0030782652454010018,-0.012263227620067041,0.010707965327386493,0.017744124783092063,0.003932488193810091,0.0018740039685452015,0.010885400090918651,0.009792598546262576,0.011291867070459656,0.012072755433124993,0.009286005198462172,0.5322200310187195,-0.9291230915998664,False,True,False,False
2025-09-18,MSFT,508.4500122070313,-0.0030782652454010018,0.01864486230927631,0.001925154118143313,-0.012263227620067041,0.010707965327386493,0.0012790827881028477,-0.004120985448665571,0.007677755626448679,0.006329535046954771,0.011703294503266588,0.012036202690110505,0.009125160005942799,0.487996734471622,-0.2348865756089997,False,False,True,False
2025-09-19,MSFT,517.9299926757812,0.01864486230927631,-0.0067190170833154594,-0.0030782652454010018,0.001925154118143313,-0.012263227620067041,0.017744124783092063,0.011266001141620574,0.021822191584636164,0.023705525399713823,0.011990264418702443,0.00937027466782724,0.009980556681736799,0.6001783185195015,3.5663020611138214,False,False,False,True
2025-09-22,MSFT,514.4500122070312,-0.0067190170833154594,-0.010146760806378219,0.01864486230927631,-0.0030782652454010018,0.001925154118143313,0.010707965327386493,0.004828350560372119,0.011713042749827984,0.016102212703801078,0.01178877065125468,0.009982741747291026,0.01007787779411412,0.5804174722988301,-0.17359691680170786,False,False,False,False
2025-09-23,MSFT,509.2300109863281,-0.010146760806378219,0.0018066156556137969,-0.0067190170833154594,0.01864486230927631,-0.0030782652454010018,-0.012263227620067041,-0.005441221393555407,-0.0006789762264536314,0.005298647659679467,0.011278701196799185,0.010839230525007989,0.010269890726964418,0.5307937490948844,-0.18709401851837584,True,False,False,False
2025-09-24,MSFT,510.1499938964844,0.0018066156556137969,-0.0061158387817614734,-0.010146760806378219,-0.0067190170833154594,0.01864486230927631,0.001925154118143313,-0.0036950298643644297,-0.0007913109236861171,0.006309267104246619,0.011274095473545373,0.010822367759759793,0.010206246248105177,0.5177813820273807,-0.8261348408734349,False,True,False,False
2025-09-25,MSFT,507.0299987792969,-0.0061158387817614734,0.00873714116807034,0.0018066156556137969,-0.010146760806378219,-0.0067190170833154594,-0.0030782652454010018,-0.009238747442929296,-0.008071901686634186,0.00012623506698328235,0.011566328930524209,0.01112476875180998,0.010113340506914986,0.6169099279480634,-0.5495956197052279,False,False,True,False
2025-09-26,MSFT,511.4599914550781,0.00873714116807034,0.006139256605245391,-0.0061158387817614734,0.0018066156556137969,-0.010146760806378219,0.01864486230927631,0.0019511463832440068,0.0002894356938634157,0.008683423592014794,0.007651255678507534,0.009942853289220642,0.010223757534427743,0.6258543990300662,-0.4868869838559363,False,False,False,True
2025-09-29,MSFT,514.5999755859375,0.006139256605245391,0.006509982083227506,0.00873714116807034,-0.0061158387817614734,0.0018066156556137969,-0.0067190170833154594,0.008043153283761262,0.0065800864188361174,0.014085015257360833,0.008025223624451109,0.009509541801416567,0.010202194837537355,0.6455675291684086,-0.3025761483192055,False,False,False,False
2025-09-30,MSFT,517.9500122070312,0.006509982083227506,0.0033980301653540046,0.006139256605245391,0.00873714116807034,-0.0061158387817614734,-0.010146760806378219,0.011151101411612574,0.011370252531414549,0.019398008947467904,0.005889598074412408,0.00865800854899678,0.010233923998133155,0.6542110063219064,-0.06612194965067801,True,False,False,False
2025-10-01,MSFT,519.7100219726562,0.0033980301653540046,-0.007638936272985952,0.006509982083227506,0.006139256605245391,0.00873714116807034,0.0018066156556137969,0.010814007532152559,0.012890413776499798,0.02141856110475926,0.005823550393860482,0.008673449648959332,0.010242218424891699,0.6608745099412451,0.23709074573279107,False,True,False,False
2025-10-02,MSFT,515.739990234375,-0.007638936272985952,0.003121699658835464,0.0033980301653540046,0.006509982083227506,0.006139256605245391,-0.0061158387817614734,-0.0002946509291560373,0.003726930831265518,0.012842661662396004,0.006471369185733742,0.009075897928141521,0.010396477638343784,0.5548872653429616,0.038823448327806695,False,False,True,False
2025-10-03,MSFT,517.3499755859375,0.003121699658835464,0.021687508007657064,-0.007638936272985952,0.0033980301653540046,0.006509982083227506,0.00873714116807034,0.0005414749867405089,0.00697393430648563,0.013779596895370894,0.005769033169578036,0.006869738906488488,0.0083475121642552,0.5201620432165366,-0.6083446317990076,False,False,False,True
2025-10-06,MSFT,528.5700073242188,0.021687508007657064,-0.008683857940984696,0.003121699658835464,-0.007638936272985952,0.0033980301653540046,0.006139256605245391,0.016746698819005923,0.025992925912348586,0.032693073535607686,0.010556113707861749,0.00927605762509841,0.009382519711019192,0.6800000898303274,0.13690758327616218,False,False,False,False
2025-10-07,MSFT,523.97998046875,-0.008683857940984696,0.0016603594595525628,0.021687508007657064,0.003121699658835464,-0.007638936272985952,0.006509982083227506,0.005584634269543809,0.014179674970488554,0.021174556678744905,0.01221837097823875,0.00905906695162888,0.009728972892122274,0.6206359108963349,-0.7027690725881246,True,False,False,False
2025-10-08,MSFT,524.8499755859375,0.0016603594595525628,-0.004667907565661822,-0.008683857940984696,0.021687508007657064,0.003121699658835464,0.0033980301653540046,0.005271021572065493,0.012981415178461297,0.020435896874130055,0.01220677211523577,0.00906113926689707,0.009725237625225543,0.6434565566330377,-0.793090306568381,False,True,False,False
2025-10-09,MSFT,522.4000244140625,-0.004667907565661822,-0.021898990092536486,0.0016603594595525628,-0.008683857940984696,0.021687508007657064,-0.007638936272985952,-0.0019677287815578204,0.005270799529828452,0.013565020419188611,0.011679396514724924,0.008911726997010533,0.009852546958724643,0.5445843934534054,-0.18356521645140808,False,False,True,False
2025-10-10,MSFT,510.9599914550781,-0.021898990092536486,0.0060474330467461535,-0.004667907565661822,0.0016603594595525628,-0.008683857940984696,0.003121699658835464,-0.021434380187172253,-0.016649001086422865,-0.008732962722403648,0.015980719357982898,0.01159296106051528,0.010513307654471872,0.4699602572028846,0.5168894124223611,False,False,False,True
2025-10-13,MSFT,514.0499877929688,0.0060474330467461535,-0.00093372333459385,-0.021898990092536486,-0.004667907565661822,0.0016603594595525628,0.021687508007657064,-0.010010638906731928,-0.010597527400436402,-0.00261160318061604,0.010774620569379494,0.01158756037787402,0.010316937511035957,0.5430662282909394,-0.6561018425259374,False,False,False,False
2025-10-14,MSFT,513.5700073242188,-0.00093372333459385,-0.0002726301116511287,0.0060474330467461535,-0.021898990092536486,-0.004667907565661822,-0.008683857940984696,-0.006953260672410089,-0.010687336852207685,-0.0039806064399696695,0.010761087253047353,0.011356365369820312,0.009915832111425752,0.5307998048440534,-0.5724178215145916,True,False,False,False
2025-10-15,MSFT,513.4299926757812,-0.0002726301116511287,-0.0035448013364658415,-0.00093372333459385,0.0060474330467461535,-0.021898990092536486,0.0016603594595525628,-0.002820079269764908,-0.009759109483062356,-0.004581305051181261,0.010541234592750078,0.011264880797137182,0.009911264384910344,0.560905837505835,-0.5625060600869223,False,True,False,False
2025-10-16,MSFT,511.6099853515625,-0.0035448013364658415,0.003850651462417254,-0.0002726301116511287,-0.00093372333459385,0.0060474330467461535,-0.004667907565661822,-0.002172723694897183,-0.012482714994472621,-0.00841361113295902,0.010544603472257625,0.011075975823878474,0.00992037646486252,0.5015020391489411,-0.43748721804660357,False,False,True,False
2025-08-19,NVDA,175.63009643554688,-0.034998013839239506,-0.001366452784833938,0.008645020880647225,-0.008625449460479717,0.0023679810043872873,0.006042003347467517,-0.026072659666214193,-0.029516733465330347,-0.015807368413910616,0.016687443416975267,0.013725020576753852,0.016615927785830934,0.4419198908897497,1.1559124829243757,True,False,False,False
2025-08-20,NVDA,175.39010620117188,-0.001366452784833938,-0.0023945644326968107,-0.034998013839239506,0.008645020880647225,-0.008625449460479717,-0.00857176396664916,-0.020680717522532976,-0.02868535286744267,-0.018422774155144817,0.016960130635255626,0.01344438114082482,0.01596255025309703,0.4589564517617072,1.9231370415904148,False,True,False,False
2025-08-21,NVDA,174.97012329101562,-0.0023945644326968107,0.017202033480534507,-0.001366452784833938,-0.034998013839239506,0.008645020880647225,0.0023679810043872873,-0.015284553795041012,-0.027894323883471794,-0.021112859939283135,0.01644268623554283,0.013007602307712472,0.015533652759142738,0.5238996103580918,-0.5993878814639007,False,False,True,False
2025-08-22,NVDA,177.97996520996094,0.017202033480534507,0.010225311093573941,-0.0023945644326968107,-0.001366452784833938,-0.034998013839239506,-0.008625449460479717,0.004435601089445518,-0.00857792405251967,-0.005522989933871236,0.01981012757519427,0.013911829763295823,0.015966825234574013,0.45647473048248066,0.4354437745960722,False,False,False,True
2025-08-25,NVDA,179.79986572265625,0.010225311093573941,0.01090036767089586,0.017202033480534507,-0.0023945644326968107,-0.001366452784833938,0.008645020880647225,0.017232050250522546,0.002816471523202635,0.0037877569771251896,0.020045246467957467,0.014470226374856635,0.015589656666049894,0.5334486747839868,0.054155949889953314,False,False,False,False
2025-08-26,NVDA,181.7597503662109,0.01090036767089586,-0.0009352065559824485,0.010225311093573941,0.017202033480534507,-0.0023945644326968107,-0.034998013839239506,0.021237155925721396,0.01453402302891571,0.012959445236866207,0.008484026302374836,0.014815861525505318,0.015621101560513618,0.5490195825572085,0.22961809752273085,True,False,False,False
2025-08-27,NVDA,181.5897674560547,-0.0009352065559824485,-0.007874516613228466,0.01090036767089586,0.010225311093573941,0.017202033480534507,-0.001366452784833938,0.013223269965020323,0.013579561105980797,0.011355521974862892,0.008380368874264448,0.0145573941618461,0.014932989148157268,0.518209793974444,2.1577928772596926,False,True,False,False
2025-08-28,NVDA,180.1598358154297,-0.007874516613228466,-0.03324642128304889,-0.0009352065559824485,0.01090036767089586,0.010225311093573941,-0.0023945644326968107,-0.0005436717776632349,0.006637523886311225,0.002749375673179344,0.01009833210937752,0.014739444051779021,0.014934957520681868,0.4432480758376318,2.8401583719139065,False,False,True,False
2025-08-29,NVDA,174.170166015625,-0.03324642128304889,-0.019519964928560563,-0.007874516613228466,-0.0009352065559824485,0.01090036767089586,0.017202033480534507,-0.02967038099342667,-0.023408425075466255,-0.030712525710306915,0.018055229677740578,0.01788903919417806,0.015909110482999495,0.35745301047693817,1.7121046163713096,False,False,False,True
2025-09-02,NVDA,170.77037048339844,-0.019519964928560563,-0.0009368627758283843,-0.03324642128304889,-0.007874516613228466,-0.0009352065559824485,0.010225311093573941,-0.038942024872559156,-0.03640425029183336,-0.04718863932112438,0.016988584681537477,0.018001515769340438,0.014060578661655842,0.29325323960643873,1.2790923434968586,True,False,False,False
2025-09-03,NVDA,170.61038208007812,-0.0009368627758283843,0.0060954526746064275,-0.019519964928560563,-0.03324642128304889,-0.007874516613228466,0.01090036767089586,-0.027640028526422222,-0.03457248774364674,-0.04604819153088846,0.013861272997327017,0.01490302185494701,0.013962547560059189,0.3077463698662578,-0.23364956713000443,False,True,False,False
2025-09-04,NVDA,171.65032958984375,0.0060954526746064275,-0.027030183986951672,-0.0009368627758283843,-0.019519964928560563,-0.03324642128304889,-0.0009352065559824485,-0.01050247261879722,-0.026627904985604745,-0.03814683684811038,0.015578321607912908,0.015166946466445171,0.013949488888907834,0.32223771096136017,-0.7559406234624625,False,False,True,False
2025-09-05,NVDA,167.01058959960938,-0.027030183986951672,0.007723564088240931,0.0060954526746064275,-0.0009368627758283843,-0.019519964928560563,-0.007874516613228466,-0.02242873362719522,-0.048644304535351846,-0.06052683770667533,0.016888243246661248,0.017106213559390692,0.01480638187306081,0.291524619021698,1.0170331159805361,False,False,False,True
2025-09-08,NVDA,168.30050659179688,0.007723564088240931,0.0145564601601742,-0.027030183986951672,0.0060954526746064275,-0.0009368627758283843,-0.03324642128304889,-0.008062366295505385,-0.03598105276512875,-0.0494236541486911,0.015673535003900268,0.015995931906628912,0.014668057819706542,0.2855355351712527,-0.38942835465561715,False,False,False,False
2025-09-09,NVDA,170.7503662109375,0.0145564601601742,0.03847512165898026,0.007723564088240931,-0.027030183986951672,0.0060954526746064275,-0.019519964928560563,0.006400465705567404,-0.016852183831584044,-0.03249934201536586,0.01612586209415099,0.016517939784809883,0.015244178413068117,0.4129192859778722,-0.5654257469614062,True,False,False,False
2025-09-10,NVDA,177.32000732421875,0.03847512165898026,-0.0008459798617036496,0.0145564601601742,0.007723564088240931,-0.027030183986951672,-0.0009368627758283843,0.03692054182069726,0.02359117334234373,0.006387507138272186,0.02346556662040001,0.021129976147903427,0.017780525039576556,0.5280932866091314,0.9624003185609963,False,True,False,False
2025-09-11,NVDA,177.1699981689453,-0.0008459798617036496,0.003668844397986648,0.03847512165898026,0.0145564601601742,0.007723564088240931,0.0060954526746064275,0.02939803590259027,0.025341230238724588,0.006796017250868092,0.02380661671334417,0.021130620906273167,0.017701759199490495,0.5322769496273676,-0.7607864088528478,False,False,True,False
2025-09-12,NVDA,177.82000732421875,0.003668844397986648,-0.00039369767931174415,-0.0008459798617036496,0.03847512165898026,0.0145564601601742,-0.027030183986951672,0.020357984038211985,0.030498482700958673,0.011694155281957608,0.01547273715314283,0.02110513215519508,0.017717474769837746,0.497478458559006,-1.3493393119849955,False,False,False,True
2025-09-15,NVDA,177.75,-0.00039369767931174415,-0.016146245385021074,0.003668844397986648,-0.0008459798617036496,0.03847512165898026,0.007723564088240931,0.009013995702955135,0.027960194964175678,0.012070266219630588,0.016518002976529396,0.017852512369281908,0.017626733648372427,0.46579952809389114,-0.8257543752465257,False,False,False,False
2025-09-16,NVDA,174.8800048828125,-0.016146245385021074,-0.026246634655319623,-0.00039369767931174415,0.003668844397986648,-0.0008459798617036496,0.0145564601601742,-0.011910404180301981,0.00896451623385075,-0.0022485183425284827,0.020203806484037762,0.017423608709252705,0.01781290905202362,0.38859972517198293,-0.9899660414461264,True,False,False,False
2025-09-17,NVDA,170.2899932861328,-0.026246634655319623,0.03494046885675561,-0.016146245385021074,-0.00039369767931174415,0.003668844397986648,0.03847512165898026,-0.030139806040562322,-0.017335763997124887,-0.02695383965621334,0.012693487459011782,0.019673954771870342,0.01704657905449039,0.33993984400287375,0.6020362437883999,False,True,False,False
2025-09-18,NVDA,176.24000549316406,0.03494046885675561,0.0024398131092768782,-0.026246634655319623,-0.016146245385021074,-0.00039369767931174415,-0.0008459798617036496,0.00481198707681596,0.014312590218974464,0.006800379639186893,0.023348174147513234,0.022570594148820386,0.018884936125713334,0.4507789074854261,0.17534124070465973,False,False,True,False
2025-09-19,NVDA,176.6699981689453,0.0024398131092768782,0.03928229191902588,0.03494046885675561,-0.026246634655319623,-0.016146245385021074,0.003668844397986648,0.008586128584257446,0.011165977557690665,0.00876698675753862,0.023295308078070252,0.02001163923543292,0.018878075630336118,0.5364843911003523,1.1000271827290982,False,False,False,True
2025-09-22,NVDA,183.6100006103516,0.03928229191902588,-0.028212014146021924,0.0024398131092768782,0.03494046885675561,-0.026246634655319623,-0.00039369767931174415,0.04123898480154087,0.04175864323638656,0.04671123961165069,0.029515217252591406,0.02265900843100692,0.020474947618697698,0.6698402712838424,1.6076109047202625,False,False,False,False
2025-09-23,NVDA,178.42999267578125,-0.028212014146021924,-0.008182432970958109,0.03928229191902588,0.0024398131092768782,0.03494046885675561,-0.016146245385021074,0.007805762528533933,0.007976544057639146,0.01757873506791019,0.03223386505459041,0.025362955845764663,0.02142032165699548,0.5913097301319903,-0.0587795470751807,True,False,False,False
2025-09-24,NVDA,176.97000122070312,-0.008182432970958109,0.004068493053832389,-0.028212014146021924,0.03928229191902588,0.0024398131092768782,-0.026246634655319623,-0.007926711005408538,-7.344751975557617e-05,0.010632774263911848,0.02875957690564672,0.022599573164246215,0.021326277868850437,0.5615144592362588,-1.0585856451787585,False,True,False,False
2025-09-25,NVDA,177.69000244140625,0.004068493053832389,0.0028138893192084513,-0.008182432970958109,-0.028212014146021924,0.03928229191902588,0.03494046885675561,-0.005507217543735399,0.0036998436964241765,0.015875735432717697,0.02455003158376998,0.02263180875520741,0.021357879053623043,0.6358031540245601,-0.005558434882819986,False,False,True,False
2025-09-26,NVDA,178.19000244140625,0.0028138893192084513,0.020539893439379897,0.004068493053832389,-0.008182432970958109,-0.028212014146021924,0.0024398131092768782,-0.004402761440293612,0.006313828942832389,0.01930825864310104,0.024552736868475616,0.022620211585511505,0.02130702875836373,0.6283365382941549,-0.8618353217468655,False,False,False,True
2025-09-29,NVDA,181.8500061035156,0.020539893439379897,0.026010423804146532,0.0028138893192084513,0.004068493053832389,-0.008182432970958109,0.03928229191902588,0.018048912864460975,0.02461097662336509,0.0379647828048959,0.017980043181586157,0.023486889721895467,0.020305210441695212,0.6396543512901779,0.25778545715458473,False,False,False,False
2025-09-30,NVDA,186.5800018310547,0.026010423804146532,0.003537376222704891,0.020539893439379897,0.0028138893192084513,0.004068493053832389,-0.028212014146021924,0.035083430925664905,0.04437678494978381,0.0601792465494555,0.013967237207360558,0.02354555035150101,0.02027597527384925,0.6221633878136602,1.3276683904527764,True,False,False,False
2025-10-01,NVDA,187.2400054931641,0.003537376222704891,0.008812186755381202,0.026010423804146532,0.020539893439379897,0.0028138893192084513,-0.008182432970958109,0.02704186129134145,0.03822078427824671,0.05892647718760635,0.01102604983795994,0.0206091772048862,0.02023595285573118,0.6310856332415569,-0.23678510982491047,False,True,False,False
2025-10-02,NVDA,188.88999938964844,0.008812186755381202,-0.0067235125023275,0.003537376222704891,0.026010423804146532,0.020539893439379897,0.004068493053832389,0.023516641918848613,0.0400744351170057,0.06307554334259446,0.010425894899699391,0.018616977503336414,0.020253829953637465,0.6404464188372535,-1.1372652058593693,False,False,True,False
2025-10-03,NVDA,187.6199951171875,-0.0067235125023275,-0.011086248188821868,0.008812186755381202,0.003537376222704891,0.026010423804146532,0.0028138893192084513,0.00635067004331491,0.02689001715900763,0.0498393969586135,0.013127528190965854,0.019091893602999403,0.01903654026804926,0.6215216848423475,-1.0114048670320657,False,False,False,True
2025-10-06,NVDA,185.5399932861328,-0.011086248188821868,-0.002694836790410604,-0.0067235125023275,0.008812186755381202,0.003537376222704891,0.020539893439379897,-0.008729875654898356,0.014434080295969487,0.033217171538795665,0.014580449009016913,0.01574322774777072,0.019408230392474923,0.6338521137620012,-0.5098684152609497,False,False,False,False
2025-10-07,NVDA,185.0399932861328,-0.002694836790410604,0.02199528465138445,-0.011086248188821868,-0.0067235125023275,0.008812186755381202,0.026010423804146532,-0.009771729766585469,0.008057230155675166,0.026349248556511107,0.007941023438483307,0.012100444862856602,0.01934747403621111,0.70640911621696,-0.9038807542102343,True,False,False,False
2025-10-08,NVDA,189.1100006103516,0.02199528465138445,0.01829626515097038,-0.002694836790410604,-0.011086248188821868,-0.0067235125023275,0.003537376222704891,0.009987205239453179,0.023460969342993243,0.04550556181000931,0.013375257050646436,0.012559493435684398,0.018123223666141896,0.6901032906538818,-1.0361302238094798,False,True,False,False
2025-10-09,NVDA,192.57000732421875,0.01829626515097038,-0.0488653648242654,0.02199528465138445,-0.002694836790410604,-0.011086248188821868,0.008812186755381202,0.02443934039521256,0.0338607604269443,0.0601214801175709,0.015129555789422744,0.013022189488200837,0.01839183399986754,0.7155639974461677,0.20933120899032523,False,False,True,False
2025-10-10,NVDA,183.16000366210935,-0.0488653648242654,0.028172109406748413,0.01829626515097038,0.02199528465138445,-0.002694836790410604,-0.0067235125023275,-0.02097451401167827,-0.01927605984406211,0.006838339087238854,0.028445511413039675,0.022314438401620156,0.021907553981857387,0.49428212556812967,1.9689925226134612,False,False,False,True
2025-10-13,NVDA,188.32000732421875,0.028172109406748413,-0.04402085929536681,-0.0488653648242654,0.01829626515097038,0.02199528465138445,-0.011086248188821868,0.003623986751038588,0.0048717848758514926,0.032204350189836806,0.03142512634342951,0.023098441813890137,0.022680778599873268,0.6257311255208039,-0.6466165493587156,False,False,False,False
2025-10-14,NVDA,180.02999877929688,-0.04402085929536681,-0.0011109090129327592,0.028172109406748413,-0.0488653648242654,0.01829626515097038,-0.002694836790410604,-0.035405462099923124,-0.03599426850888243,-0.014624917306328311,0.03813981256818484,0.026028368878978716,0.02469512876818171,0.5331455294395363,0.4733030496431044,True,False,False,False
2025-10-15,NVDA,179.8300018310547,-0.0011109090129327592,0.011010374839450776,-0.04402085929536681,0.028172109406748413,-0.0488653648242654,0.02199528465138445,-0.026799157124136386,-0.03322920810033991,-0.01828265798926243,0.03536777678874255,0.02593487209736222,0.023819752440285474,0.5234443248541031,0.6727928168893933,False,True,False,False
2025-10-16,NVDA,181.80999755859372,0.011010374839450776,0.007755369237354426,-0.0011109090129327592,-0.04402085929536681,0.028172109406748413,0.01829626515097038,-0.004489975711764682,-0.018850220026858877,-0.00898029731713934,0.03406193259112713,0.026061923547961677,0.022705901251595734,0.5384124907971298,-0.11543886969653683,False,False,True,False
